
Start Time 10:50:55   Mar 31, 2017
Time ,freq ,Cap ,G  
10:51:14,   0.22,  69.2, 2.39
10:51:26,   0.32,  41.8, 2.30
10:51:40,   0.46,  70.8, 2.25
10:51:55,   0.68,  77.8, 2.12
10:52:10,   1.00,  84.1, 2.52
10:52:22,   1.47,  91.1, 2.50
10:52:35,   2.15,  88.7, 2.46
10:52:47,   3.16,  92.5, 2.40
10:52:59,   4.64,  89.9, 2.37
10:53:11,   6.81, 105.0, 2.27
10:53:23,  10.00, 101.3, 2.27
10:53:35,  14.68,  97.8, 2.27
10:53:47,  21.54, 105.5, 2.24
10:53:59,  31.62,  91.7, 2.18
10:54:11,  46.42, 100.9, 2.17
10:54:23,  68.13,  99.0, 2.13
10:54:35,   0.22,  96.4, 2.29
10:54:47,   0.32, 111.5, 2.24
10:54:59,   0.46,  96.6, 2.17
10:55:11,   0.68,  93.7, 2.05
10:55:22,   1.00,  84.1, 2.44
10:55:34,   1.47,  91.2, 2.43
10:55:47,   2.15,  86.9, 2.40
10:55:58,   3.16,  90.7, 2.35
10:56:10,   4.64,  74.1, 2.31
10:56:22,   6.81,  73.2, 2.22
10:56:33,  10.00,  81.4, 2.24
10:56:45,  14.68,  81.8, 2.24
10:56:56,  21.54,  71.4, 2.20
10:57:08,  31.62,  69.6, 2.15
10:57:20,  46.42,  62.7, 2.13
10:57:32,  68.13,  58.8, 2.11
10:57:43,   0.22,  30.0, 2.25
10:57:55,   0.32,  79.2, 2.20
10:58:07,   0.46,  68.5, 2.15
10:58:18,   0.68,  59.7, 2.03
10:58:30,   1.00,  68.1, 2.42
10:58:42,   1.47,  61.3, 2.40
10:58:53,   2.15,  48.9, 2.38
10:59:05,   3.16,  52.8, 2.33
10:59:17,   4.64,  46.2, 2.29
10:59:28,   6.81,  49.2, 2.21
10:59:40,  10.00,  37.4, 2.21
10:59:52,  14.68,  45.8, 2.21
11:00:03,  21.54,  39.3, 2.17
11:00:15,  31.62,  41.5, 2.12
11:00:27,  46.42,  44.6, 2.12
11:00:39,  68.13,  48.6, 2.08
11:00:51,   0.22,  11.9, 2.24
11:01:03,   0.32,  51.1, 2.17
11:01:15,   0.46,  40.4, 2.13
11:01:26,   0.68,  27.6, 2.02
11:01:38,   1.00,  50.1, 2.40
11:01:50,   1.47,  31.3, 2.38
11:02:02,   2.15,  35.0, 2.35
11:02:13,   3.16,  24.8, 2.30
11:02:25,   4.64,  24.3, 2.27
11:02:37,   6.81,  17.3, 2.18
11:02:48,  10.00,  23.4, 2.20
11:03:00,  14.68,  27.8, 2.20
11:03:12,  21.54,  27.3, 2.17
11:03:23,  31.62,  21.4, 2.11
11:03:35,  46.42,  16.5, 2.11
11:03:46,  68.13,  20.5, 2.07
11:03:58,   0.22,   3.8, 2.22
11:04:10,   0.32,  21.0, 2.17
11:04:21,   0.46,  28.4, 2.12
11:04:33,   0.68,  33.6, 2.00
11:04:45,   1.00,  16.1, 2.39
11:04:56,   1.47,  25.3, 2.38
11:05:08,   2.15,  21.0, 2.35
11:05:20,   3.16,   6.8, 2.30
11:05:31,   4.64,  18.3, 2.26
11:05:43,   6.81,  21.3, 2.18
11:05:55,  10.00,  27.5, 2.18
11:06:07,  14.68,  23.8, 2.20
11:06:18,  21.54,  27.3, 2.16
11:06:30,  31.62,  15.4, 2.11
11:06:41,  46.42,  18.5, 2.09
11:06:53,  68.13,  18.5, 2.07
11:07:05,   0.22,  29.9, 2.24
11:07:16,   0.32,  21.0, 2.16
11:07:28,   0.46,  28.3, 2.11
11:07:40,   0.68,  25.6, 1.99
11:07:51,   1.00,  18.1, 2.38
11:08:03,   1.47,  15.3, 2.37
11:08:15,   2.15,  23.0, 2.34
11:08:26,   3.16,  16.9, 2.29
11:08:38,   4.64,  18.4, 2.25
11:08:50,   6.81,  25.4, 2.17
11:09:01,  10.00,  17.5, 2.18
11:09:13,  14.68,  11.8, 2.18
11:09:25,  21.54,  13.2, 2.16
11:09:36,  31.62,  13.4, 2.11
11:09:48,  46.42,  14.5, 2.09
11:10:00,  68.13,  14.5, 2.07
11:10:11,   0.22,  33.8, 2.22
11:10:23,   0.32,  -3.1, 2.16
11:10:34,   0.46,   8.3, 2.11
11:10:46,   0.68,  19.6, 1.99
11:10:58,   1.00,  16.1, 2.38
11:11:09,   1.47,  21.3, 2.37
11:11:21,   2.15,  25.0, 2.34
11:11:33,   3.16,  22.9, 2.29
11:11:44,   4.64,  16.4, 2.25
11:11:56,   6.81,  23.3, 2.17
11:12:08,  10.00,  17.5, 2.18
11:12:20,  14.68,  13.8, 2.18
11:12:31,  21.54,  13.2, 2.15
11:12:43,  31.62,  19.3, 2.09
11:12:55,  46.42,  10.5, 2.09
11:13:07,  68.13,  14.4, 2.05
11:13:18,   0.22, -14.4, 2.21
11:13:30,   0.32,  17.0, 2.16
11:13:42,   0.46,  12.3, 2.11
11:13:54,   0.68,  21.6, 1.99
11:14:05,   1.00,  14.1, 2.38
11:14:17,   1.47,  25.3, 2.37
11:14:29,   2.15,  17.0, 2.34
11:14:40,   3.16,  22.9, 2.29
11:14:52,   4.64,  20.4, 2.25
11:15:04,   6.81,  19.3, 2.17
11:15:15,  10.00,  11.5, 2.18
11:15:27,  14.68,   5.8, 2.18
11:15:39,  21.54,  11.2, 2.15
11:15:51,  31.62,  17.3, 2.09
11:16:02,  46.42,  24.4, 2.08
11:16:14,  68.13,  20.4, 2.05
11:16:26,   0.22, -10.3, 2.21
11:16:37,   0.32,  24.9, 2.15
11:16:49,   0.46,  20.3, 2.09
11:17:01,   0.68,  13.6, 1.98
11:17:12,   1.00,  22.1, 2.38
11:17:24,   1.47,  17.3, 2.37
11:17:36,   2.15,  19.0, 2.33
11:17:47,   3.16,  10.9, 2.27
11:17:59,   4.64,   8.3, 2.25
11:18:11,   6.81,  11.4, 2.16
11:18:23,  10.00,   5.5, 2.17
11:18:34,  14.68,  13.8, 2.17
11:18:46,  21.54,  11.2, 2.15
11:18:58,  31.62,  21.3, 2.09
11:19:09,  46.42,  10.4, 2.08
11:19:21,  68.13,   8.4, 2.05
11:19:33,   0.22, -14.4, 2.21
11:19:45,   0.32,  15.0, 2.16
11:19:56,   0.46,  16.3, 2.09
11:20:08,   0.68,   9.6, 1.98
11:20:20,   1.00,   8.1, 2.38
11:20:32,   1.47,  15.3, 2.35
11:20:44,   2.15,   9.0, 2.33
11:20:55,   3.16,   2.9, 2.27
11:21:07,   4.64,  12.4, 2.25
11:21:19,   6.81,  21.4, 2.16
11:21:31,  10.00,  13.5, 2.17
11:21:42,  14.68,   3.8, 2.17
11:21:54,  21.54,  13.2, 2.15
11:22:06,  31.62,   5.3, 2.09
11:22:17,  46.42,  16.4, 2.08
11:22:29,  68.13,  14.4, 2.05
11:22:41,   0.22,   5.8, 2.22
11:22:52,   0.32,   6.9, 2.15
11:23:04,   0.46,  28.3, 2.09
11:23:16,   0.68,  29.6, 1.98
11:23:27,   1.00,  12.1, 2.38
11:23:39,   1.47,  13.3, 2.37
11:23:51,   2.15,  15.0, 2.33
11:24:03,   3.16,  16.9, 2.27
11:24:14,   4.64,  16.4, 2.24
11:24:26,   6.81,   9.4, 2.16
11:24:38,  10.00,  11.5, 2.17
11:24:50,  14.68,   9.8, 2.17
11:25:02,  21.54,  17.2, 2.15
11:25:13,  31.62,  13.3, 2.09
11:25:25,  46.42,   2.4, 2.08
11:25:37,  68.13,   4.4, 2.05
11:25:48,   0.22,   5.8, 2.22
11:26:00,   0.32,  12.9, 2.15
11:26:12,   0.46,  12.3, 2.09
11:26:24,   0.68,  21.6, 1.98
11:26:35,   1.00,  20.1, 2.38
11:26:47,   1.47,   9.3, 2.37
11:26:59,   2.15,   5.0, 2.33
11:27:10,   3.16,   0.9, 2.27
11:27:22,   4.64,   0.4, 2.24
11:27:34,   6.81,  11.4, 2.16
11:27:45,  10.00,   7.5, 2.17
11:27:57,  14.68,   3.8, 2.17
11:28:09,  21.54,   5.2, 2.15
11:28:21,  31.62,   3.3, 2.09
11:28:32,  46.42,  -5.6, 2.08
11:28:44,  68.13,  -5.7, 2.04
11:28:56,   0.22,  -0.4, 2.20
11:29:07,   0.32,   4.9, 2.15
11:29:19,   0.46,  20.3, 2.09
11:29:31,   0.68,   5.6, 1.98
11:29:42,   1.00,   4.1, 2.37
11:29:54,   1.47,   7.3, 2.35
11:30:06,   2.15,   3.0, 2.33
11:30:18,   3.16,  -3.1, 2.27
11:30:29,   4.64,  14.4, 2.24
11:30:41,   6.81,  -0.6, 2.16
11:30:53,  10.00,   5.5, 2.17
11:31:05,  14.68,   7.8, 2.17
11:31:17,  21.54,  -4.8, 2.15
11:31:28,  31.62,   1.3, 2.08
11:31:40,  46.42,   4.4, 2.08
11:31:52,  68.13,   4.4, 2.05
11:32:04,   0.22, -18.4, 2.21
11:32:15,   0.32,  -1.1, 2.15
11:32:27,   0.46,   6.3, 2.09
11:32:39,   0.68,   9.6, 1.98
11:32:51,   1.00,   6.1, 2.37
11:33:03,   1.47,   7.3, 2.35
11:33:14,   2.15,  15.0, 2.33
11:33:26,   3.16,   8.9, 2.27
11:33:38,   4.64,   4.4, 2.24
11:33:50,   6.81,   7.4, 2.16
11:34:02,  10.00,   3.5, 2.17
11:34:13,  14.68,  -2.2, 2.17
11:34:25,  21.54,   3.2, 2.15
11:34:37,  31.62,  -6.7, 2.08
11:34:49,  46.42,   6.4, 2.08
11:35:00,  68.13,   6.3, 2.04
11:35:12,   0.22, -22.5, 2.20
11:35:24,   0.32,  -7.2, 2.15
11:35:35,   0.46,   0.3, 2.09
11:35:47,   0.68,  -0.4, 1.98
11:35:59,   1.00,  -7.9, 2.37
11:36:11,   1.47,   1.3, 2.35
11:36:22,   2.15,   3.0, 2.33
11:36:34,   3.16,   8.9, 2.27
11:36:46,   4.64,   6.4, 2.24
11:36:58,   6.81,  -2.6, 2.16
11:37:09,  10.00,  -2.5, 2.17
11:37:21,  14.68,  -8.2, 2.17
11:37:33,  21.54,   1.2, 2.13
11:37:45,  31.62,   1.3, 2.08
11:37:56,  46.42,   4.3, 2.07
11:38:08,  68.13,   0.3, 2.04
11:38:20,   0.22, -16.5, 2.20
11:38:32,   0.32,  -9.2, 2.15
11:38:43,   0.46,   6.3, 2.09
11:38:55,   0.68,  -0.4, 1.98
11:39:07,   1.00,  -7.9, 2.37
11:39:19,   1.47,  -8.7, 2.35
11:39:31,   2.15,   3.0, 2.33
11:40:54,   0.22,  79.7, 2.21
11:41:06,   0.32,  74.9, 2.13
11:41:17,   0.46,  66.3, 2.08
11:41:29,   0.68,  57.6, 1.95
11:41:41,   1.00,  50.2, 2.35
11:41:53,   1.47,  51.4, 2.33
11:42:04,   2.15,  47.2, 2.30
11:42:16,   3.16,  43.1, 2.25
11:42:28,   4.64,  38.5, 2.21
11:42:40,   6.81,  37.6, 2.12
11:42:52,  10.00,  35.6, 2.13
11:43:03,  14.68,  35.9, 2.13
11:43:15,  21.54,  29.2, 2.11
11:43:27,  31.62,  23.2, 2.05
11:43:39,  46.42,  20.2, 2.04
11:43:51,  68.13,  24.1, 2.02
11:45:48,   0.22,  73.2, 2.15
11:46:00,   0.32,  94.5, 2.07
11:46:12,   0.46,  56.1, 2.02
11:46:23,   0.68,  55.6, 1.88
11:46:35,   1.00,  52.2, 2.27
11:46:47,   1.47,  59.6, 2.25
11:46:59,   2.15,  41.4, 2.22
11:47:11,   3.16,  33.4, 2.17
11:47:22,   4.64,  30.9, 2.13
11:47:34,   6.81,  29.8, 2.05
11:47:46,  10.00,  21.8, 2.07
11:47:58,  14.68,  26.0, 2.05
11:48:10,  21.54,  33.1, 2.03
11:48:22,  31.62,  24.9, 1.98
11:48:34,  46.42,  23.8, 1.96
11:48:46,  68.13,  27.6, 1.94
11:50:26,   0.22,  75.3, 2.16
11:50:38,   0.32,  70.5, 2.08
11:50:50,   0.46,  66.1, 2.02
11:51:02,   0.68,  51.6, 1.90
11:51:14,   1.00,  48.2, 2.27
11:51:26,   1.47,  51.6, 2.25
11:51:38,   2.15,  53.4, 2.22
11:51:49,   3.16,  41.4, 2.17
11:52:01,   4.64,  40.9, 2.12
11:52:13,   6.81,  47.9, 2.04
11:52:25,  10.00,  39.9, 2.05
11:52:37,  14.68,  28.0, 2.05
11:52:49,  21.54,  33.1, 2.02
11:53:01,  31.62,  36.9, 1.96
11:53:13,  46.42,  29.8, 1.95
11:53:25,  68.13,  31.5, 1.92
11:55:08,   0.22, 160.9, 2.09
11:55:19,   0.32, 130.3, 2.03
11:55:31,   0.46, 100.0, 1.96
11:55:43,   0.68,  79.6, 1.85
11:55:55,   1.00,  84.3, 2.22
11:56:07,   1.47,  83.7, 2.20
11:56:19,   2.15,  81.6, 2.17
11:56:31,   3.16,  67.6, 2.12
11:56:43,   4.64,  71.1, 2.08
11:56:54,   6.81,  68.1, 2.00
11:57:06,  10.00,  64.0, 2.02
11:57:18,  14.68,  64.1, 2.02
11:57:30,  21.54,  59.0, 1.98
11:57:42,  31.62,  64.8, 1.92
11:57:54,  46.42,  57.6, 1.91
11:58:06,  68.13,  61.2, 1.88
12:00:48,   0.22, 147.4, 2.16
12:01:00,   0.32, 126.6, 2.08
12:01:12,   0.46, 104.1, 2.02
12:01:24,   0.68,  93.6, 1.90
12:01:36,   1.00,  92.3, 2.29
12:01:48,   1.47,  99.6, 2.26
12:02:00,   2.15,  89.4, 2.24
12:02:12,   3.16,  85.4, 2.18
12:02:23,   4.64,  82.9, 2.15
12:02:35,   6.81,  81.9, 2.05
12:02:47,  10.00,  89.9, 2.07
12:02:59,  14.68,  80.0, 2.07
12:03:11,  21.54,  85.1, 2.04
12:03:23,  31.62,  79.0, 1.99
12:03:35,  46.42,  69.9, 1.98
12:03:47,  68.13,  63.7, 1.95
12:05:35,   0.22, 168.8, 2.33
12:05:47,   0.32, 137.5, 2.24
12:05:59,   0.46, 118.6, 2.17
12:06:11,   0.68, 109.7, 2.04
12:06:23,   1.00, 126.2, 2.46
12:06:35,   1.47, 111.3, 2.43
12:06:47,   2.15, 114.9, 2.40
12:06:59,   3.16, 114.8, 2.34
12:07:11,   4.64, 108.2, 2.30
12:07:23,   6.81, 105.3, 2.21
12:07:35,  10.00, 103.4, 2.22
12:07:47,  14.68, 109.9, 2.22
12:07:58,  21.54,  97.4, 2.18
12:08:11,  31.62,  89.5, 2.13
12:08:22,  46.42,  90.7, 2.12
12:08:34,  68.13,  78.7, 2.09
12:10:22,   0.22, 118.6, 2.07
12:10:34,   0.32, 120.0, 1.99
12:10:46,   0.46, 107.9, 1.94
12:10:58,   0.68, 109.6, 1.82
12:11:10,   1.00, 116.4, 2.18
12:11:22,   1.47, 107.8, 2.17
12:11:33,   2.15, 103.7, 2.15
12:11:45,   3.16,  99.7, 2.09
12:11:57,   4.64,  97.3, 2.05
12:12:09,   6.81,  82.2, 1.98
12:12:21,  10.00,  84.1, 1.99
12:12:33,  14.68,  68.1, 1.99
12:12:45,  21.54,  71.0, 1.96
12:12:57,  31.62,  68.8, 1.91
12:13:09,  46.42,  63.5, 1.90
12:13:21,  68.13,  63.2, 1.87
12:14:49,   0.22,  96.4, 2.04
12:15:01,   0.32, 111.9, 1.96
12:15:13,   0.46,  87.8, 1.90
12:15:25,   0.68,  67.5, 1.78
12:15:37,   1.00,  66.4, 2.13
12:15:48,   1.47,  63.8, 2.12
12:16:00,   2.15,  53.8, 2.09
12:16:12,   3.16,  56.0, 2.03
12:16:24,   4.64,  49.4, 2.00
12:16:36,   6.81,  48.4, 1.92
12:16:48,  10.00,  42.2, 1.94
12:17:00,  14.68,  46.1, 1.92
12:17:12,  21.54,  44.9, 1.90
12:17:23,  31.62,  46.5, 1.85
12:17:35,  46.42,  41.2, 1.83
12:17:47,  68.13,  40.7, 1.81
12:19:50,   0.22, 125.7, 2.20
12:20:02,   0.32, 104.8, 2.12
12:20:14,   0.46,  92.2, 2.05
12:20:26,   0.68,  99.6, 1.92
12:20:38,   1.00, 108.2, 2.33
12:20:49,   1.47, 107.5, 2.30
12:21:01,   2.15, 107.3, 2.27
12:21:13,   3.16, 103.3, 2.21
12:21:25,   4.64, 106.8, 2.17
12:21:37,   6.81,  99.7, 2.09
12:21:49,  10.00,  95.8, 2.11
12:22:01,  14.68,  90.0, 2.09
12:22:13,  21.54,  87.2, 2.07
12:22:25,  31.62,  71.1, 2.02
12:22:37,  46.42,  74.1, 2.00
12:22:49,  68.13,  61.8, 1.96
12:24:29,   0.22, 122.1, 2.25
12:24:41,   0.32, 119.1, 2.16
12:24:53,   0.46,  92.4, 2.09
12:25:05,   0.68,  83.7, 1.96
12:25:17,   1.00,  88.2, 2.37
12:25:29,   1.47,  81.4, 2.35
12:25:41,   2.15,  75.1, 2.33
12:25:53,   3.16,  61.0, 2.26
12:26:05,   4.64,  52.5, 2.22
12:26:17,   6.81,  45.5, 2.13
12:26:29,  10.00,  39.6, 2.15
12:26:41,  14.68,  35.9, 2.15
12:26:53,  21.54,  35.2, 2.11
12:27:05,  31.62,  35.2, 2.05
12:27:17,  46.42,  22.2, 2.04
12:27:29,  68.13,  28.1, 2.02
12:29:03,   0.22, 120.7, 2.33
12:29:15,   0.32,  97.5, 2.24
12:29:27,   0.46,  74.6, 2.17
12:29:39,   0.68,  59.7, 2.03
12:29:51,   1.00,  88.1, 2.46
12:30:03,   1.47,  67.2, 2.43
12:30:15,   2.15,  70.9, 2.40
12:30:27,   3.16,  64.7, 2.34
12:30:39,   4.64,  62.2, 2.30
12:30:51,   6.81,  67.2, 2.21
12:31:03,  10.00,  63.4, 2.22
12:31:15,  14.68,  63.9, 2.21
12:31:26,  21.54,  63.3, 2.18
12:31:39,  31.62,  53.5, 2.12
12:31:50,  46.42,  44.6, 2.12
12:32:02,  68.13,  44.6, 2.08
12:34:00,   0.22, 280.1, 2.48
12:34:12,   0.32, 192.5, 2.38
12:34:24,   0.46, 151.1, 2.31
12:34:36,   0.68, 133.9, 2.16
12:34:48,   1.00, 122.0, 2.61
12:35:00,   1.47, 102.9, 2.59
12:35:12,   2.15,  90.5, 2.55
12:35:24,   3.16,  68.1, 2.50
12:35:36,   4.64,  61.5, 2.46
12:35:48,   6.81,  38.6, 2.35
12:36:00,  10.00,  38.9, 2.37
12:36:12,  14.68,  33.7, 2.37
12:36:24,  21.54,  25.5, 2.33
12:36:36,  31.62,  24.0, 2.27
12:36:48,  46.42,  19.3, 2.26
12:37:00,  68.13,   5.6, 2.22
12:38:35,   0.22, 242.7, 2.56
12:38:47,   0.32, 218.9, 2.46
12:38:59,   0.46, 169.3, 2.38
12:39:11,   0.68, 125.9, 2.24
12:39:23,   1.00, 122.0, 2.70
12:39:35,   1.47, 106.8, 2.68
12:39:47,   2.15,  80.2, 2.64
12:39:59,   3.16,  61.8, 2.57
12:40:11,   4.64,  55.2, 2.52
12:40:23,   6.81,  38.4, 2.42
12:40:34,  10.00,  32.7, 2.43
12:40:46,  14.68,  21.6, 2.43
12:40:58,  21.54,  39.6, 2.39
12:41:10,  31.62,  22.2, 2.33
12:41:22,  46.42,  25.6, 2.31
12:41:34,  68.13,  18.0, 2.29
12:43:03,   0.22, 283.2, 2.87
12:43:15,   0.32, 208.8, 2.77
12:43:26,   0.46, 162.2, 2.68
12:43:38,   0.68, 130.1, 2.51
12:43:50,   1.00, 115.7, 3.04
12:44:02,   1.47, 106.1, 3.00
12:44:14,   2.15,  91.2, 2.96
12:44:26,   3.16,  70.5, 2.89
12:44:38,   4.64,  61.9, 2.83
12:44:50,   6.81,  55.2, 2.72
12:45:02,  10.00,  49.9, 2.73
12:45:13,  14.68,  41.3, 2.73
12:45:25,  21.54,  38.1, 2.69
12:45:38,  31.62,  29.2, 2.61
12:45:50,  46.42,  35.0, 2.60
12:46:01,  68.13,  23.9, 2.56
12:47:33,   0.22, 260.5, 2.78
12:47:45,   0.32, 208.3, 2.68
12:47:57,   0.46, 162.0, 2.60
12:48:09,   0.68, 130.1, 2.43
12:48:21,   1.00, 127.8, 2.94
12:48:33,   1.47, 104.3, 2.91
12:48:45,   2.15,  87.5, 2.87
12:48:57,   3.16,  70.9, 2.80
12:49:09,   4.64,  60.3, 2.74
12:49:21,   6.81,  41.5, 2.64
12:49:33,  10.00,  36.1, 2.65
12:49:45,  14.68,  29.4, 2.65
12:49:56,  21.54,  27.9, 2.61
12:50:09,  31.62,  24.9, 2.54
12:50:21,  46.42,  20.6, 2.52
12:50:33,  68.13,  23.4, 2.48
12:52:11,   0.22, 232.2, 2.74
12:52:23,   0.32, 194.0, 2.64
12:52:35,   0.46, 143.8, 2.55
12:52:47,   0.68, 106.0, 2.39
12:52:59,   1.00, 101.8, 2.90
12:53:11,   1.47,  82.4, 2.86
12:53:23,   2.15,  69.6, 2.82
12:53:35,   3.16,  47.1, 2.74
12:53:47,   4.64,  42.4, 2.70
12:53:59,   6.81,  35.7, 2.59
12:54:11,  10.00,  26.2, 2.61
12:54:23,  14.68,  27.4, 2.61
12:54:35,  21.54,  27.9, 2.57
12:54:47,  31.62,  16.7, 2.50
12:54:59,  46.42,  10.4, 2.48
12:55:12,  68.13,  13.1, 2.44
